5.078348675466204188e-07 8.133958666076616833e-06 6.616128358144291244e-11 2.643927381013131345e-11 1.269240901684076544e-11 6.558262598404941176e-12 4.240622746309724065e-12 2.293229266920928471e-12 1.064048766609026546e-12 -5.154588355278342490e-13 -9.979850194115314585e-13 -1.498859959990244271e-12 -1.188696214004236434e-12 -1.150821426692610000e-12 -1.272901696199025649e-12 -1.662390014754818574e-12 -2.217567283897236915e-12
4.764663878305624981e-07 5.369307793734674228e-06 2.643927381013131345e-11 2.882946618385993654e-11 1.391033045903690499e-11 6.791903796611774044e-12 3.968736650730282134e-12 2.387611821529077049e-12 7.867140902336451464e-13 -9.531215558715905138e-14 -1.078762453349945105e-12 -1.262029639427484730e-12 -1.427571867652357998e-12 -1.015343389160079929e-12 -1.081722331880914132e-12 -1.449912259047397724e-12 -2.064673027721636317e-12
2.627115550870856582e-07 4.245895702291039835e-06 1.269240901684076544e-11 1.391033045903690499e-11 1.802763031473352475e-11 9.173665109280572295e-12 5.174203488449282951e-12 2.872123295468826148e-12 1.199482291729398869e-12 -3.178492720089892364e-14 -4.828075946990511799e-13 -1.217073570078731988e-12 -1.249025249017352513e-12 -1.053002318848865433e-12 -1.612157084559435126e-12 -2.066617358996623559e-12 -2.263004405677455983e-12
1.383037531780216254e-07 3.533134361236030942e-06 6.558262598404941176e-12 6.791903796611774044e-12 9.173665109280572295e-12 1.248303841454673643e-11 7.034334091386669983e-12 3.390558653226575572e-12 1.894669218907524387e-12 6.662979255506060418e-13 -2.439489944848650653e-13 -9.144139856427501295e-13 -1.191123250311954260e-12 -1.202152212086912492e-12 -1.369009096100322762e-12 -1.658593649365416347e-12 -1.832864054159470685e-12
-5.198463021562286415e-08 3.105089236332164024e-06 4.240622746309724065e-12 3.968736650730282134e-12 5.174203488449282951e-12 7.034334091386669983e-12 9.641579165585860405e-12 5.006080058088007683e-12 2.746605577786465347e-12 1.167238819493605792e-12 1.549929507197988118e-13 -6.958672383234684610e-13 -1.010179337043132824e-12 -1.176515124195656249e-12 -1.469103336408863932e-12 -1.588308006930819308e-12 -1.567399649976855670e-12
-8.166246019036161018e-08 2.710901007778976929e-06 2.293229266920928471e-12 2.387611821529077049e-12 2.872123295468826148e-12 3.390558653226575572e-12 5.006080058088007683e-12 7.348984273977070102e-12 3.982872747505795538e-12 2.012417198695438452e-12 5.602104163737561059e-13 -4.056039862505753281e-13 -7.398381302975920355e-13 -8.895708446262231711e-13 -1.162035157584096314e-12 -1.567840385717793057e-12 -1.600248555169961974e-12
-1.600539007809502090e-07 2.488705349319565432e-06 1.064048766609026546e-12 7.867140902336451464e-13 1.199482291729398869e-12 1.894669218907524387e-12 2.746605577786465347e-12 3.982872747505795538e-12 6.193654315731817306e-12 3.353872263921024620e-12 1.311664430797977724e-12 1.410233586881085776e-13 -4.204815062743004527e-13 -7.484454135646584755e-13 -1.033558235479167555e-12 -1.267219395044108700e-12 -1.335743780541047330e-12
-1.273857123599737965e-07 2.267815735756450954e-06 -5.154588355278342490e-13 -9.531215558715905138e-14 -3.178492720089892364e-14 6.662979255506060418e-13 1.167238819493605792e-12 2.012417198695438452e-12 3.353872263921024620e-12 5.142988211344575156e-12 2.333815058798820560e-12 8.377499739802849467e-13 7.410339452583362846e-14 -4.827943587471291194e-13 -7.095974554793417851e-13 -9.428919505711073749e-13 -1.053216801486280790e-12
-6.969065054811521812e-08 1.996765385706844541e-06 -9.979850194115314585e-13 -1.078762453349945105e-12 -4.828075946990511799e-13 -2.439489944848650653e-13 1.549929507197988118e-13 5.602104163737561059e-13 1.311664430797977724e-12 2.333815058798820560e-12 3.987072005557002826e-12 1.920842782721158806e-12 6.979467294271661574e-13 1.333902922193977847e-14 -4.540082090193473518e-13 -7.017184793079628815e-13 -9.479144610158026083e-13
-7.266085319122549716e-08 1.958027096477661114e-06 -1.498859959990244271e-12 -1.262029639427484730e-12 -1.217073570078731988e-12 -9.144139856427501295e-13 -6.958672383234684610e-13 -4.056039862505753281e-13 1.410233586881085776e-13 8.377499739802849467e-13 1.920842782721158806e-12 3.833870110540739279e-12 2.031164427195527309e-12 6.634862849831346731e-13 3.361812331295598001e-14 -3.041819175552164855e-13 -5.643675867870752930e-13
-7.884218048565111808e-09 1.907156912717848466e-06 -1.188696214004236434e-12 -1.427571867652357998e-12 -1.249025249017352513e-12 -1.191123250311954260e-12 -1.010179337043132824e-12 -7.398381302975920355e-13 -4.204815062743004527e-13 7.410339452583362846e-14 6.979467294271661574e-13 2.031164427195527309e-12 3.637247489727476059e-12 1.690718842033651552e-12 6.030771762713785968e-13 1.657538990336551151e-13 -1.831807058714263198e-13
8.422180909529081617e-08 1.773107724872219977e-06 -1.150821426692610000e-12 -1.015343389160079929e-12 -1.053002318848865433e-12 -1.202152212086912492e-12 -1.176515124195656249e-12 -8.895708446262231711e-13 -7.484454135646584755e-13 -4.827943587471291194e-13 1.333902922193977847e-14 6.634862849831346731e-13 1.690718842033651552e-12 3.143911004001539782e-12 1.593810902143845520e-12 7.324127718700356955e-13 1.420043900146417184e-13
1.329155225689263123e-07 1.699202768637098641e-06 -1.272901696199025649e-12 -1.081722331880914132e-12 -1.612157084559435126e-12 -1.369009096100322762e-12 -1.469103336408863932e-12 -1.162035157584096314e-12 -1.033558235479167555e-12 -7.095974554793417851e-13 -4.540082090193473518e-13 3.361812331295598001e-14 6.030771762713785968e-13 1.593810902143845520e-12 2.887290048943981504e-12 1.627401917131347905e-12 7.818261577920737938e-13
1.524718914719044537e-08 1.756471853492998907e-06 -1.662390014754818574e-12 -1.449912259047397724e-12 -2.066617358996623559e-12 -1.658593649365416347e-12 -1.588308006930819308e-12 -1.567840385717793057e-12 -1.267219395044108700e-12 -9.428919505711073749e-13 -7.017184793079628815e-13 -3.041819175552164855e-13 1.657538990336551151e-13 7.324127718700356955e-13 1.627401917131347905e-12 3.085193372113130406e-12 1.730945576213332474e-12
-2.981558210594887905e-08 1.723980724723677304e-06 -2.217567283897236915e-12 -2.064673027721636317e-12 -2.263004405677455983e-12 -1.832864054159470685e-12 -1.567399649976855670e-12 -1.600248555169961974e-12 -1.335743780541047330e-12 -1.053216801486280790e-12 -9.479144610158026083e-13 -5.643675867870752930e-13 -1.831807058714263198e-13 1.420043900146417184e-13 7.818261577920737938e-13 1.730945576213332474e-12 2.972109539218775977e-12
4.436292706780347947e-07 5.630007015631026018e-06 3.169697899605457985e-11 1.507415080560639876e-11 7.904776326812110452e-12 4.978062867290324431e-12 3.122950583786779033e-12 2.474072158410648682e-12 1.969312442818474081e-12 1.244538489105782339e-12 8.049986046184452169e-13 2.660967972749072080e-13 -3.121120592684239044e-13 -6.037570494918294441e-13 -6.065853419135823818e-13 -6.863489097271154742e-13 -7.480849586944437289e-13
3.941341493753598036e-07 3.955700977719319578e-06 1.507415080560639876e-11 1.564757022512958409e-11 9.431030925201650903e-12 5.211275060879746608e-12 3.388585164415746500e-12 2.664658589189612195e-12 1.768856513916805297e-12 9.698405681033226376e-13 6.098390553620245558e-13 4.168880311932703524e-13 -2.074174944295951435e-13 -6.019259094058956829e-13 -4.973830053081645671e-13 -4.592512547136858950e-13 -5.279987694670025864e-13
3.470463339253247450e-07 3.295481457386408818e-06 7.904776326812110452e-12 9.431030925201650903e-12 1.086019803597765182e-11 6.925422152157851906e-12 4.251269225061422882e-12 3.199458764249677103e-12 2.303128962401467672e-12 1.523261040657431709e-12 8.679522610668069442e-13 6.765386486491634628e-13 4.696198761906800949e-14 -3.690989552486202352e-13 -5.311371650909416985e-13 -5.443135024155625021e-13 -6.324956367510060165e-13
3.080471355679919111e-07 2.811999326452497095e-06 4.978062867290324431e-12 5.211275060879746608e-12 6.925422152157851906e-12 7.907340211969296420e-12 5.191599043217062501e-12 3.436447910589644924e-12 2.482837753815079229e-12 1.646499754625811644e-12 9.687946276221708205e-13 6.366900622766798360e-13 1.354435801130998469e-13 -1.996428689642744487e-13 -3.833357359063355489e-13 -4.234261732034426284e-13 -6.033231916751724529e-13
2.908689745273384605e-07 2.436501083761466206e-06 3.122950583786779033e-12 3.388585164415746500e-12 4.251269225061422882e-12 5.191599043217062501e-12 5.936537531170802762e-12 4.035338109847969059e-12 2.685634121564330061e-12 1.855001285104978112e-12 1.164289605486932402e-12 7.469155658727233036e-13 3.300148721878916787e-13 1.026116443066108168e-14 -1.801472380532076959e-13 -2.218861284192621198e-13 -4.702762378846209513e-13
2.590167352272428601e-07 2.135948595211817474e-06 2.474072158410648682e-12 2.664658589189612195e-12 3.199458764249677103e-12 3.436447910589644924e-12 4.035338109847969059e-12 4.562276401387335939e-12 3.127680378612008617e-12 2.074669312950504141e-12 1.309158390191451364e-12 8.303032698514484146e-13 3.502084805795675497e-13 3.812879567088084981e-14 -5.828682525784417943e-14 -1.121501821837256158e-13 -2.668834180497656856e-13
1.465342644662303188e-07 1.981344308339746810e-06 1.969312442818474081e-12 1.768856513916805297e-12 2.303128962401467672e-12 2.482837753815079229e-12 2.685634121564330061e-12 3.127680378612008617e-12 3.925725268190311311e-12 2.649456509469899594e-12 1.569294475440448664e-12 1.061032781992521790e-12 6.275598842127777222e-13 2.090217868121833908e-13 1.062300465409861992e-14 -7.464646172536773991e-14 -2.753784166959762736e-13
6.486826770173468696e-08 1.828828710548744926e-06 1.244538489105782339e-12 9.698405681033226376e-13 1.523261040657431709e-12 1.646499754625811644e-12 1.855001285104978112e-12 2.074669312950504141e-12 2.649456509469899594e-12 3.344614452527386513e-12 2.233630486781210263e-12 1.368033515508100243e-12 9.487848208491053798e-13 4.747783478658169482e-13 2.484503957289287844e-13 7.377564553090578474e-14 -1.013013891269005991e-13
-2.036129254910700817e-08 1.685436715664686320e-06 8.049986046184452169e-13 6.098390553620245558e-13 8.679522610668069442e-13 9.687946276221708205e-13 1.164289605486932402e-12 1.309158390191451364e-12 1.569294475440448664e-12 2.233630486781210263e-12 2.840696922510566064e-12 1.845587073908115475e-12 1.186215759254839943e-12 6.790292847943259197e-13 4.016620475415989732e-13 2.391055792987985717e-13 7.469649360859595220e-15
-4.587149668452644062e-08 1.564372880655726417e-06 2.660967972749072080e-13 4.168880311932703524e-13 6.765386486491634628e-13 6.366900622766798360e-13 7.469155658727233036e-13 8.303032698514484146e-13 1.061032781992521790e-12 1.368033515508100243e-12 1.845587073908115475e-12 2.447262509731095346e-12 1.650756885936589814e-12 8.731965666334172699e-13 5.439354952400204973e-13 3.833303813114109523e-13 1.735179658683064517e-13
1.253214966961040658e-09 1.519204457382354027e-06 -3.121120592684239044e-13 -2.074174944295951435e-13 4.696198761906800949e-14 1.354435801130998469e-13 3.300148721878916787e-13 3.502084805795675497e-13 6.275598842127777222e-13 9.487848208491053798e-13 1.186215759254839943e-12 1.650756885936589814e-12 2.307982183330413639e-12 1.471379496058965474e-12 7.716224640330720365e-13 4.872488256382651593e-13 2.641046256999305576e-13
3.589072514916249069e-08 1.397880233488312131e-06 -6.037570494918294441e-13 -6.019259094058956829e-13 -3.690989552486202352e-13 -1.996428689642744487e-13 1.026116443066108168e-14 3.812879567088084981e-14 2.090217868121833908e-13 4.747783478658169482e-13 6.790292847943259197e-13 8.731965666334172699e-13 1.471379496058965474e-12 1.954069147177338538e-12 1.165436244703038468e-12 6.387128957242691528e-13 3.844680982076313237e-13
-6.949178963850648696e-09 1.255716882948825068e-06 -6.065853419135823818e-13 -4.973830053081645671e-13 -5.311371650909416985e-13 -3.833357359063355489e-13 -1.801472380532076959e-13 -5.828682525784417943e-14 1.062300465409861992e-14 2.484503957289287844e-13 4.016620475415989732e-13 5.439354952400204973e-13 7.716224640330720365e-13 1.165436244703038468e-12 1.576824890122713390e-12 1.031068445500009515e-12 4.989617791749561873e-13
-2.304930489396110313e-09 1.242619800457837833e-06 -6.863489097271154742e-13 -4.592512547136858950e-13 -5.443135024155625021e-13 -4.234261732034426284e-13 -2.218861284192621198e-13 -1.121501821837256158e-13 -7.464646172536773991e-14 7.377564553090578474e-14 2.391055792987985717e-13 3.833303813114109523e-13 4.872488256382651593e-13 6.387128957242691528e-13 1.031068445500009515e-12 1.544103968489876863e-12 9.373949152451310539e-13
-2.217907961953764063e-08 1.187086325433077445e-06 -7.480849586944437289e-13 -5.279987694670025864e-13 -6.324956367510060165e-13 -6.033231916751724529e-13 -4.702762378846209513e-13 -2.668834180497656856e-13 -2.753784166959762736e-13 -1.013013891269005991e-13 7.469649360859595220e-15 1.735179658683064517e-13 2.641046256999305576e-13 3.844680982076313237e-13 4.989617791749561873e-13 9.373949152451310539e-13 1.409173944030206016e-12
5.597029081950192541e-07 4.343521475993798428e-06 1.886617881241933779e-11 1.051273352883369436e-11 5.167947384446443900e-12 3.447683760597703360e-12 2.930419146373617841e-12 2.202210131259722239e-12 1.896020785367473737e-12 1.531790931169646564e-12 1.161804785864758132e-12 8.704156047634145998e-13 8.322284445896697972e-13 7.168732005615838264e-13 5.464140634891621187e-13 2.457783012655591418e-13 7.238296341161823580e-14
5.093842389796148258e-07 3.253944132257594882e-06 1.051273352883369436e-11 1.058815241585362613e-11 6.494450543527652973e-12 3.865579317305520087e-12 3.070230436329755301e-12 2.375118266960915056e-12 2.065669766172691498e-12 1.590873080563370245e-12 1.147147887933513329e-12 8.983727998011448909e-13 7.094674845699821486e-13 5.436391745650729598e-13 5.156899017879705231e-13 2.903787944380963631e-13 6.957828540401380441e-14
4.152259595614068717e-07 2.642362106659452705e-06 5.167947384446443900e-12 6.494450543527652973e-12 6.982077502709780116e-12 4.654798853466106547e-12 2.965216042484588246e-12 2.206896715947859578e-12 1.802382591406022502e-12 1.399473084517966897e-12 1.012948860605351481e-12 7.732080535556664373e-13 5.929284839564268316e-13 3.702544266031339786e-13 3.837058994088698891e-13 2.419395936607949977e-13 3.774589815926269609e-14
2.835264809256784092e-07 2.267277144839343556e-06 3.447683760597703360e-12 3.865579317305520087e-12 4.654798853466106547e-12 5.140545651510842416e-12 3.545050393473626911e-12 2.264903024539353600e-12 1.711544259278141846e-12 1.276182685803508561e-12 8.663120573394501274e-13 7.483118313522952575e-13 6.353025124906968086e-13 3.961332523562645739e-13 3.683861038789805109e-13 1.741019971799670646e-13 5.322396422135738547e-14
2.814115400380777883e-07 2.022041096689692632e-06 2.930419146373617841e-12 3.070230436329755301e-12 2.965216042484588246e-12 3.545050393473626911e-12 4.088650196702056813e-12 2.865407399097159542e-12 1.914216937072989562e-12 1.425719568406265522e-12 1.007459433606597282e-12 8.646719529168346338e-13 7.171557124043713725e-13 5.066914399039298967e-13 3.992057317973195538e-13 2.129723307630905964e-13 9.586836004946303466e-14
2.340645246201236392e-07 1.803614551508284705e-06 2.202210131259722239e-12 2.375118266960915056e-12 2.206896715947859578e-12 2.264903024539353600e-12 2.865407399097159542e-12 3.253025450412431650e-12 2.345042336968974693e-12 1.546838398624214652e-12 1.110117928822702648e-12 8.804159295210503204e-13 6.768303176444850637e-13 5.309429658219951560e-13 3.925119645448496780e-13 2.528501536103983233e-13 1.230939657561754523e-13
1.190009509588593341e-07 1.643057556019213221e-06 1.896020785367473737e-12 2.065669766172691498e-12 1.802382591406022502e-12 1.711544259278141846e-12 1.914216937072989562e-12 2.345042336968974693e-12 2.699638132391828654e-12 1.953996967965463235e-12 1.245668452733195783e-12 9.155310844911459297e-13 7.192533917489218913e-13 5.615521555235722459e-13 4.109281162099086499e-13 2.888384547624038961e-13 1.665830418445045631e-13
6.561070907102188048e-08 1.515785202943293433e-06 1.531790931169646564e-12 1.590873080563370245e-12 1.399473084517966897e-12 1.276182685803508561e-12 1.425719568406265522e-12 1.546838398624214652e-12 1.953996967965463235e-12 2.297604781461840993e-12 1.599709275114992688e-12 1.023972325044554720e-12 7.749099495891221114e-13 5.987455819449476553e-13 4.276939554916899787e-13 2.699762718677679205e-13 1.475459172264270199e-13
4.149140368079149842e-08 1.372860717238611649e-06 1.161804785864758132e-12 1.147147887933513329e-12 1.012948860605351481e-12 8.663120573394501274e-13 1.007459433606597282e-12 1.110117928822702648e-12 1.245668452733195783e-12 1.599709275114992688e-12 1.884746548936915443e-12 1.336319695025987618e-12 8.340461698917194484e-13 5.818442261955750587e-13 4.505719623042667110e-13 3.208202309131462177e-13 1.816897640922069834e-13
2.414558481552521059e-08 1.280045663781485694e-06 8.704156047634145998e-13 8.983727998011448909e-13 7.732080535556664373e-13 7.483118313522952575e-13 8.646719529168346338e-13 8.804159295210503204e-13 9.155310844911459297e-13 1.023972325044554720e-12 1.336319695025987618e-12 1.638516901365784241e-12 1.143020039866903341e-12 6.995503060735877381e-13 5.422615713894509908e-13 4.029766558548941349e-13 2.530465909861941074e-13
-1.807943982306953511e-08 1.193096386531557937e-06 8.322284445896697972e-13 7.094674845699821486e-13 5.929284839564268316e-13 6.353025124906968086e-13 7.171557124043713725e-13 6.768303176444850637e-13 7.192533917489218913e-13 7.749099495891221114e-13 8.340461698917194484e-13 1.143020039866903341e-12 1.423478987554660897e-12 1.017318785380585211e-12 6.537795094944169173e-13 4.220532945454860110e-13 2.720934395621351350e-13
-2.459552420675114827e-08 1.144777749232311595e-06 7.168732005615838264e-13 5.436391745650729598e-13 3.702544266031339786e-13 3.961332523562645739e-13 5.066914399039298967e-13 5.309429658219951560e-13 5.615521555235722459e-13 5.987455819449476553e-13 5.818442261955750587e-13 6.995503060735877381e-13 1.017318785380585211e-12 1.310516095137397084e-12 9.328994977255975440e-13 5.275318329294298078e-13 3.326013407441865409e-13
-2.175738428691671184e-08 1.099722177838684497e-06 5.464140634891621187e-13 5.156899017879705231e-13 3.837058994088698891e-13 3.683861038789805109e-13 3.992057317973195538e-13 3.925119645448496780e-13 4.109281162099086499e-13 4.276939554916899787e-13 4.505719623042667110e-13 5.422615713894509908e-13 6.537795094944169173e-13 9.328994977255975440e-13 1.209388868430259062e-12 8.096762776108516241e-13 4.864204110319901846e-13
-2.228061006247995356e-08 1.014122364837352608e-06 2.457783012655591418e-13 2.903787944380963631e-13 2.419395936607949977e-13 1.741019971799670646e-13 2.129723307630905964e-13 2.528501536103983233e-13 2.888384547624038961e-13 2.699762718677679205e-13 3.208202309131462177e-13 4.029766558548941349e-13 4.220532945454860110e-13 5.275318329294298078e-13 8.096762776108516241e-13 1.028444170863304689e-12 7.246278503851010266e-13
-1.609710871865926403e-08 9.838356133292928678e-07 7.238296341161823580e-14 6.957828540401380441e-14 3.774589815926269609e-14 5.322396422135738547e-14 9.586836004946303466e-14 1.230939657561754523e-13 1.665830418445045631e-13 1.475459172264270199e-13 1.816897640922069834e-13 2.530465909861941074e-13 2.720934395621351350e-13 3.326013407441865409e-13 4.864204110319901846e-13 7.246278503851010266e-13 9.679325140550255706e-13
4.374489494773527649e-07 3.951776599420918132e-06 1.561653829173074837e-11 9.053453297709112234e-12 5.096540461132028126e-12 3.496531742439061954e-12 2.694379524335130767e-12 2.183633504540383131e-12 1.696914365061164616e-12 1.467837649534389798e-12 1.247310062848359662e-12 9.969193173976495328e-13 7.782981849139971149e-13 6.047685844196200404e-13 4.359729893105824599e-13 3.798284938186082775e-13 3.461273341233376560e-13
4.869770245049074871e-07 2.875790324636222231e-06 9.053453297709112234e-12 8.270169991271309558e-12 5.464067600703690372e-12 3.438429396218822092e-12 2.574360372089831347e-12 2.036192306765971223e-12 1.585940707228986036e-12 1.243932112943684191e-12 9.818746033828508036e-13 8.169547712405749830e-13 6.091704447605328613e-13 4.581563248562605439e-13 3.293116173622601422e-13 2.310170723288129078e-13 2.508424418978197901e-13
3.814698391169142493e-07 2.358071682598480769e-06 5.096540461132028126e-12 5.464067600703690372e-12 5.560502060272830705e-12 3.950517025518816235e-12 2.691229442741709562e-12 1.923854014578301003e-12 1.494530272253653588e-12 1.198874132394421828e-12 9.096742322379116599e-13 7.244773328641301096e-13 5.914952788704200436e-13 4.662645900988140736e-13 3.464420935506818680e-13 2.154695299338148084e-13 2.133229775529905169e-13
2.918865038855978499e-07 2.062383975457504030e-06 3.496531742439061954e-12 3.438429396218822092e-12 3.950517025518816235e-12 4.253427662223899234e-12 3.185297791766156649e-12 2.092750839244377320e-12 1.605619709965959471e-12 1.315627230875043568e-12 1.000102940636417082e-12 7.872743356507320373e-13 6.801262663060755111e-13 5.665686164800025242e-13 4.289837802303954549e-13 2.646118534883009964e-13 2.691079480510428016e-13
2.077497265440321389e-07 1.858402721347930524e-06 2.694379524335130767e-12 2.574360372089831347e-12 2.691229442741709562e-12 3.185297791766156649e-12 3.453660674713392857e-12 2.515549035865416358e-12 1.777711767119432654e-12 1.379598033569365135e-12 1.049155434720794448e-12 8.667713355995390282e-13 7.372126756311482740e-13 5.693754103530644539e-13 4.367606456187645991e-13 2.856728054374701251e-13 2.869959474865348407e-13
1.658496176190456450e-07 1.654743304966664678e-06 2.183633504540383131e-12 2.036192306765971223e-12 1.923854014578301003e-12 2.092750839244377320e-12 2.515549035865416358e-12 2.738175405332001100e-12 2.121449079465234324e-12 1.526677415934786749e-12 1.114279983685447080e-12 9.561367794816784523e-13 7.947808165524564087e-13 5.909618151844209837e-13 4.481530269390629617e-13 3.077154834089272039e-13 2.803620067162640265e-13
1.807397032588700476e-07 1.550448240002448228e-06 1.696914365061164616e-12 1.585940707228986036e-12 1.494530272253653588e-12 1.605619709965959471e-12 1.777711767119432654e-12 2.121449079465234324e-12 2.403889744926688476e-12 1.876387123121501709e-12 1.274266462414219754e-12 1.009682257690795030e-12 8.404256832488614681e-13 6.530162015335153134e-13 5.092464637675736645e-13 3.780453873794496366e-13 3.397453383117352721e-13
1.799169400669306672e-07 1.455958008357071023e-06 1.467837649534389798e-12 1.243932112943684191e-12 1.198874132394421828e-12 1.315627230875043568e-12 1.379598033569365135e-12 1.526677415934786749e-12 1.876387123121501709e-12 2.119813722099088660e-12 1.586706938651591782e-12 1.110508467867427372e-12 8.897457450987177737e-13 7.026328694065306329e-13 5.389712937496244913e-13 4.136046503515968282e-13 3.636849122059672611e-13
1.255798061741505310e-07 1.304842454218077352e-06 1.247310062848359662e-12 9.818746033828508036e-13 9.096742322379116599e-13 1.000102940636417082e-12 1.049155434720794448e-12 1.114279983685447080e-12 1.274266462414219754e-12 1.586706938651591782e-12 1.702613830329855618e-12 1.292479420590825456e-12 9.296058991965684882e-13 7.200647530171835712e-13 5.499295570791373982e-13 4.308214521406111036e-13 3.624143691015969112e-13
9.541273235341007392e-08 1.219297477903101419e-06 9.969193173976495328e-13 8.169547712405749830e-13 7.244773328641301096e-13 7.872743356507320373e-13 8.667713355995390282e-13 9.561367794816784523e-13 1.009682257690795030e-12 1.110508467867427372e-12 1.292479420590825456e-12 1.486686339620864540e-12 1.169756863026775980e-12 8.301269099577898896e-13 6.140135019443977149e-13 4.618479091785293583e-13 3.962435845307199664e-13
7.132938239582230692e-08 1.171528402425379347e-06 7.782981849139971149e-13 6.091704447605328613e-13 5.914952788704200436e-13 6.801262663060755111e-13 7.372126756311482740e-13 7.947808165524564087e-13 8.404256832488614681e-13 8.897457450987177737e-13 9.296058991965684882e-13 1.169756863026775980e-12 1.372478797689360965e-12 1.060986804996983213e-12 7.217209084220410806e-13 5.010152953914854290e-13 4.230125450478679756e-13
7.013599568243464147e-08 1.109582088507580858e-06 6.047685844196200404e-13 4.581563248562605439e-13 4.662645900988140736e-13 5.665686164800025242e-13 5.693754103530644539e-13 5.909618151844209837e-13 6.530162015335153134e-13 7.026328694065306329e-13 7.200647530171835712e-13 8.301269099577898896e-13 1.060986804996983213e-12 1.231172411136844996e-12 9.498819546098182843e-13 6.360137552754605546e-13 4.957874324392766864e-13
5.349889085292480205e-08 1.046108889204963532e-06 4.359729893105824599e-13 3.293116173622601422e-13 3.464420935506818680e-13 4.289837802303954549e-13 4.367606456187645991e-13 4.481530269390629617e-13 5.092464637675736645e-13 5.389712937496244913e-13 5.499295570791373982e-13 6.140135019443977149e-13 7.217209084220410806e-13 9.498819546098182843e-13 1.094343808073642784e-12 8.470432328283905028e-13 5.883025439612052836e-13
3.926425670026860292e-08 1.009901256459543075e-06 3.798284938186082775e-13 2.310170723288129078e-13 2.154695299338148084e-13 2.646118534883009964e-13 2.856728054374701251e-13 3.077154834089272039e-13 3.780453873794496366e-13 4.136046503515968282e-13 4.308214521406111036e-13 4.618479091785293583e-13 5.010152953914854290e-13 6.360137552754605546e-13 8.470432328283905028e-13 1.019900547798564056e-12 7.933837001937234510e-13
1.197331446806058132e-08 9.683976133533099752e-07 3.461273341233376560e-13 2.508424418978197901e-13 2.133229775529905169e-13 2.691079480510428016e-13 2.869959474865348407e-13 2.803620067162640265e-13 3.397453383117352721e-13 3.636849122059672611e-13 3.624143691015969112e-13 3.962435845307199664e-13 4.230125450478679756e-13 4.957874324392766864e-13 5.883025439612052836e-13 7.933837001937234510e-13 9.377939375483868717e-13
